3.7114
0.3174
0.7310
0.3639
0.2806
0.2840
0.2472
0.2532
0.2663
0.2745
0.2903
0.2767
0.3063
0.3013
0.3083
0.2986
0.2818
0.3079
0.3195
0.2626
0.2997
0.3131
0.2886
0.2699
0.2413
0.2675
0.2763
0.2945
0.2723
0.2791
0.2869
0.4545
0.3108
0.2572
0.2699
0.3065
0.2735
0.2785
0.2959
0.2720
0.3142
0.2812
0.2864
0.2897
0.2890
0.3046
0.2916
0.2746
0.3089
0.3052
0.2857
0.2936
0.6658
0.3126
0.2881
0.2789
0.2851
0.2664
0.3007
0.2801
0.3347
0.2607
0.2989
0.2779
0.5074
0.2698
0.3051
0.2847
0.3026
0.2997
0.3133
0.2908
0.3243
0.2858
0.2993
0.2832
0.2761
0.2862
0.2880
0.3333
0.3024
0.2801
0.2721
0.3067
0.2990
0.3019
0.3106
0.3590
0.2914
0.2981
0.2921
0.2641
0.3361
0.3419
0.2848
0.2976
0.2809
0.4732
0.2787
0.2978
