0.3078
0.3452
0.2978
0.2371
0.2593
0.2403
0.2667
0.2602
0.3038
0.2754
0.2321
0.2672
0.2349
0.2406
0.2480
0.2670
0.2291
0.2372
0.2509
0.2808
0.2530
0.2508
0.2584
0.2508
0.2509
0.2610
0.2821
0.2537
0.2710
0.2440
0.2373
0.2674
0.2581
0.2466
0.2849
0.2748
0.2703
0.2595
0.2633
0.2766
0.2365
0.2579
0.2544
0.2480
0.2262
0.2467
0.4641
0.2607
0.2614
0.2508
0.2866
0.2542
0.2579
0.2359
0.2564
0.2326
0.2660
0.2319
0.2726
0.2413
0.2535
0.2742
0.2459
0.2449
0.2631
0.2967
0.2618
0.3194
0.2472
0.2505
0.2415
0.2436
0.2498
0.2296
0.2778
0.2490
0.2491
0.2419
0.2478
0.2439
0.2581
0.2574
0.2458
0.2627
0.2725
0.2817
0.2446
0.2729
0.2771
0.2837
0.2491
0.2540
0.2484
0.2560
0.2608
0.2489
0.4478
0.2345
0.2734
0.2510
