0.3601
0.3024
0.3125
0.2941
0.2793
0.2993
0.3082
0.3183
0.2900
0.2810
0.2755
0.2788
0.2711
0.2636
0.2749
0.3054
0.2586
0.2657
0.2905
0.3247
0.2848
0.2973
0.3135
0.2901
0.2540
0.2956
0.2698
0.2719
0.2618
0.3095
0.2575
0.2763
0.2644
0.2697
0.2783
0.3279
0.2655
0.2603
0.2835
0.2908
0.2739
0.2807
0.2794
0.2797
0.2717
0.2865
0.4632
0.2645
0.3173
0.2773
0.3452
0.2539
0.2626
0.2934
0.2688
0.2640
0.2712
0.3217
0.2731
0.2925
0.2824
0.2714
0.2492
0.2906
0.2467
0.2876
0.2928
0.2604
0.3073
0.2927
0.2848
0.2665
0.2791
0.2973
0.2825
0.2903
0.2975
0.2615
0.2760
0.2658
0.2679
0.2558
0.2892
0.2687
0.2673
0.2896
0.3146
0.2967
0.2837
0.3040
0.2903
0.2653
0.2989
0.2718
0.2801
0.2634
0.5125
0.2986
0.3027
0.2660
