0.2726
0.2828
0.2548
0.2529
0.2642
0.2870
4.8378
0.2419
0.2662
0.2325
0.2585
0.2448
0.2445
0.2371
0.2483
0.2620
0.2383
0.2294
0.2451
0.2382
0.2546
0.2377
0.2546
0.2433
0.2776
0.2561
0.2581
0.2493
0.2331
0.2529
0.2578
0.2372
0.2594
0.2268
0.2327
0.2644
0.2704
0.2502
0.2563
0.2409
0.2495
0.2563
0.2348
0.2314
0.3087
0.2247
0.4986
0.3285
0.2860
0.2368
0.2262
0.2990
0.3530
0.2438
0.2377
0.2471
0.2485
0.2465
0.2748
0.2544
0.2495
0.2648
0.2588
0.2635
0.2628
0.2693
0.2475
0.2702
0.2350
0.2903
0.2276
0.2952
0.2315
0.2922
0.3289
0.2388
0.2545
0.2790
0.2307
0.2715
0.2539
0.2653
0.2465
0.2488
0.2477
0.2777
0.2428
0.2780
0.2428
0.2830
0.3493
0.2755
0.2421
0.2568
0.2519
0.2938
0.6354
0.3157
0.3383
0.3817
