0.2723
0.2891
0.3554
0.2702
0.2486
0.2859
0.2524
0.2615
0.2514
0.2638
0.2987
0.2596
0.2632
0.2449
0.2365
0.2724
0.2351
0.2883
0.2485
0.2730
0.2403
0.2821
0.2515
0.2744
0.2508
0.2699
0.2802
0.2486
0.2680
0.2546
0.2563
0.2723
0.2484
0.3003
0.2577
0.2960
0.2573
0.2583
0.2462
0.2409
0.2271
0.2836
0.2436
0.2804
0.2537
0.2719
0.5249
0.2743
0.2528
0.2489
0.2692
0.2445
0.2775
0.2470
0.2800
0.2520
0.2720
0.2372
0.2940
0.2422
0.2746
0.2583
0.2658
0.2605
0.2647
0.2732
0.2493
0.2609
0.2638
0.2678
0.3031
0.2475
0.2850
0.2712
0.2444
0.2591
0.2439
0.2544
0.2890
0.2741
0.2558
0.2416
0.2549
0.2902
0.2904
0.3140
0.2691
0.2322
0.2542
0.2548
0.2767
0.2598
0.2367
0.2674
0.2677
0.2416
0.4468
0.2974
0.2749
0.2564
