5.1947
0.2927
0.2709
0.2705
0.2758
0.2742
0.2510
0.2683
0.3098
0.3015
0.2973
0.2694
0.2660
0.3088
0.2568
0.2605
0.2628
0.2886
0.3034
0.2566
0.2713
0.2747
0.2989
0.2763
0.2805
0.3287
0.2504
0.3028
0.2931
0.3152
0.2788
0.4660
0.2630
0.2746
0.2876
0.2674
0.2948
0.2733
0.3104
0.3065
0.2830
0.3089
0.2952
0.3066
0.2655
0.2675
0.2971
0.2687
0.2954
0.3212
0.3012
0.2974
0.2974
0.3068
0.2879
0.3086
0.2959
0.2792
0.2750
0.3044
0.3237
0.3057
0.3088
0.3091
0.3081
0.4961
0.2724
0.2596
0.2906
0.2654
0.2673
0.2924
0.2988
0.2749
0.3275
0.2956
0.3208
0.2809
0.3266
0.2736
0.3389
0.3146
0.2922
0.3166
0.3030
0.3214
0.3006
0.2985
0.2870
0.2799
0.2769
0.2723
0.2982
0.3202
0.2711
0.3104
0.2818
0.3026
0.5060
0.2953
