0.3103
0.2693
0.2541
0.2568
0.2571
0.2650
0.2564
0.2297
0.2678
0.2604
0.2543
0.2586
0.2395
0.2503
0.2544
0.2482
0.2401
0.2473
0.2507
0.2408
0.2445
0.2681
0.2767
0.2906
0.2536
0.2504
0.2469
0.2542
0.2606
0.2488
0.2600
0.2843
0.3280
0.2386
0.2424
0.2536
0.2394
0.2304
0.2504
0.2280
0.2533
0.2359
0.3002
0.2537
0.2458
0.2761
0.4514
0.2458
0.2422
0.2836
0.2289
0.2481
0.2369
0.2453
0.2258
0.2515
0.2447
0.2413
0.2393
0.2389
0.2461
0.2693
0.2535
0.2545
0.2443
0.2467
0.2366
0.2370
0.2249
0.2711
0.2257
0.3367
0.2368
0.2497
0.2513
0.2540
0.2392
0.2586
0.2728
0.2720
0.2564
0.2341
0.2264
0.2617
0.2306
0.2372
0.2800
0.2429
0.2464
0.2559
0.2576
0.2350
0.2389
0.2569
0.2629
0.2755
0.4387
0.2354
0.2571
0.2341
