0.2714
0.2675
0.2588
0.2777
0.2772
0.2553
0.2453
0.2665
0.2935
0.2854
0.3094
0.2452
0.2444
0.2506
0.2421
0.3050
0.2518
0.2470
0.2538
0.2543
0.3049
0.2737
0.2487
0.2479
0.2657
0.2713
0.2574
0.2415
0.2663
0.2353
0.2738
0.2286
0.2631
0.2582
0.2865
0.2637
0.2847
0.2680
0.2498
0.3116
0.2804
0.2713
0.2786
0.2488
0.2818
0.2479
0.4532
0.2881
0.2405
0.2594
0.2418
0.2421
0.2363
0.2630
0.2656
0.2507
0.2533
0.2402
0.2264
0.3038
0.2673
0.2519
0.2556
0.2821
0.2763
0.2356
0.2288
0.2484
0.2580
0.2858
0.2996
0.2652
0.2369
0.2834
0.2745
0.2795
0.2539
0.2590
0.2420
0.2440
0.2276
0.2450
0.2488
0.2690
0.2361
0.2784
0.2257
0.2596
0.2490
0.2721
0.2278
0.2889
0.2358
0.3349
0.2672
0.2655
0.4665
0.2425
0.2476
0.2720
