0.3064
0.2816
0.3159
0.2726
0.2717
0.2684
0.2823
0.2708
0.2637
0.2381
0.2608
0.2617
0.2607
0.2785
0.3035
0.2615
0.2572
0.2492
0.2967
0.2723
0.2669
0.2515
0.2644
0.2557
0.2518
0.2638
0.3400
0.2629
0.2753
0.2735
0.2494
0.2738
0.2547
0.2729
0.2532
0.2506
0.2665
0.2597
0.2538
0.2452
0.2614
0.2591
0.2473
0.2556
0.2606
0.2461
0.4587
0.2527
0.2724
0.2878
0.2690
0.2898
0.2405
0.2591
0.2285
0.2497
0.2843
0.2964
0.2722
0.2950
0.2835
0.2607
0.2460
0.2566
0.2434
0.3068
0.2521
0.2685
0.2327
0.2431
0.2463
0.2607
0.2584
0.2652
0.2436
0.2515
0.2610
0.2476
0.2820
0.2511
0.2540
0.2589
0.2450
0.2568
0.4499
0.2554
0.2981
0.2379
0.2512
0.2878
0.2459
0.2494
0.2507
0.2348
0.2654
0.2490
0.4607
0.2905
0.2500
0.2466
