0.3138
0.3343
0.2536
0.2464
0.2623
0.2342
0.2653
0.2277
0.2547
0.2329
0.2446
0.2497
0.2403
0.2272
0.2343
0.2327
0.2532
0.2473
0.2407
0.2816
0.2308
0.2301
0.2725
0.2628
0.2319
0.2456
0.2327
0.2512
0.2812
0.2840
0.3373
0.2309
0.2462
0.2539
0.2255
0.2328
0.2480
0.2269
0.2334
0.2452
0.2491
0.2203
0.2632
0.2384
0.2321
0.2617
0.4593
0.2777
0.2617
0.2517
0.2275
0.2585
0.2275
0.2657
0.3173
0.2328
0.2371
0.2484
0.2752
0.2482
0.2337
0.2414
0.2542
0.2471
0.2645
0.2353
0.2723
0.2348
0.2621
0.2521
0.2472
0.2310
0.2373
0.2918
0.2310
0.2561
0.2287
0.2881
0.2653
0.2560
0.2541
0.2424
0.2395
0.2412
0.2267
0.2498
0.2353
0.2575
0.2630
0.2523
0.2584
0.2594
0.3042
0.2754
0.2359
0.2464
0.4962
0.2376
0.2461
0.3042
