0.4209
0.2461
0.2778
0.2552
0.2526
0.3194
0.2452
0.2440
0.2505
0.3348
0.2735
0.2413
0.2373
0.2609
0.2605
0.2557
0.2348
0.2709
0.2631
0.2502
0.2913
0.2754
0.2489
0.2389
0.2432
0.2609
0.2407
0.2452
0.2364
0.2600
0.2373
0.2439
0.2425
0.2547
0.2682
0.2458
0.2430
0.3641
0.2375
0.2381
0.2355
0.2629
0.2400
0.2489
0.2905
0.2676
0.4556
0.2570
0.2655
0.2382
0.2445
0.2397
0.3257
0.2820
0.2701
0.2551
0.2555
0.2485
0.2457
0.2528
0.2607
0.2504
0.2576
0.2771
0.2487
0.2987
0.2655
0.2968
0.2511
0.2351
0.2546
0.2534
0.2396
0.2623
0.2653
0.2375
0.2387
0.2520
0.2494
0.2698
0.2748
0.2586
0.2799
0.2566
0.2735
0.2768
0.2741
0.3592
0.2972
0.3044
0.2777
0.2471
0.2741
0.2598
0.2442
0.2625
0.4800
0.2520
0.2397
0.2712
