0.3873
0.3797
0.2786
0.2570
0.3317
0.2621
0.2532
0.2396
0.2534
0.2442
0.2581
0.2941
0.2517
0.2936
0.2500
0.2464
0.3123
0.2378
0.2598
0.2534
0.2564
0.2385
0.2326
0.2540
0.2319
0.2450
0.2653
0.2526
0.2646
0.2640
0.2292
0.2450
0.2704
0.2558
0.2431
0.2444
0.2338
0.2642
0.2572
0.2351
0.4204
0.2769
0.2573
0.2971
0.2601
0.2697
0.4973
0.2660
0.2416
0.2356
0.2891
0.2392
0.2740
0.2463
0.2541
0.2560
0.2650
0.2352
0.7749
0.2825
0.3522
0.5116
0.2397
0.3087
0.2446
0.2362
0.3046
0.2395
0.2697
0.2440
0.2791
0.2642
0.2525
0.2428
0.2531
0.2368
0.2512
0.2324
0.2302
0.2730
0.2501
0.2389
0.2622
0.2551
0.2596
0.2423
0.2575
0.2726
0.2685
0.2417
0.2470
0.2557
0.2455
0.2320
0.2591
0.2533
0.4398
0.4086
0.2982
0.2655
