0.3182
0.3380
0.3228
0.2730
0.2625
0.3111
0.2915
0.2647
0.2636
0.2534
0.2649
0.4829
0.2574
0.2560
0.2415
0.2521
0.2463
0.2324
0.2668
0.2449
0.2495
0.2344
0.2877
0.2329
0.2360
0.2640
0.2656
0.2656
0.2787
0.2344
0.2393
0.2295
0.2560
0.2458
0.2286
0.2517
0.2687
0.2364
0.2999
0.2264
0.2643
0.2843
0.2651
0.2448
0.2528
0.2329
0.4382
0.2539
0.2594
0.4294
0.2948
0.2262
0.2578
0.2447
0.2577
0.2840
0.2507
0.2787
0.2673
0.2286
0.2693
0.2447
0.2499
0.2619
0.2707
0.2764
0.2350
0.2641
0.2849
0.2512
0.2531
0.2344
0.2721
0.2299
0.2448
0.2663
0.3045
0.2685
0.2470
0.2762
0.2481
0.2556
0.2473
0.2631
0.2477
0.2762
0.2760
0.2733
0.2482
0.2757
0.2584
0.2615
0.3042
0.2431
0.3165
0.2610
0.4919
0.2644
0.3012
0.2492
