0.2590
0.2766
0.2595
0.2359
0.2428
0.3210
0.2353
0.2689
0.2705
0.2642
0.2568
0.2466
0.2508
0.2384
0.2476
0.2614
0.2622
0.2503
0.3168
0.2565
0.2493
0.2834
0.2630
0.2442
0.2371
0.2410
0.2396
0.2525
0.2677
0.2411
0.2351
0.2549
0.2467
0.2385
0.3734
0.2603
0.2626
0.2793
0.2669
0.2524
0.2553
0.2510
0.2815
0.2546
0.2455
0.2498
0.4430
0.2501
0.3128
0.2493
0.2599
0.2762
0.2441
0.2382
0.2550
0.2527
0.2646
0.2555
0.2303
0.2801
0.2493
0.2699
0.2519
0.2354
0.2388
0.3085
0.2726
0.2403
0.2723
0.2719
0.2353
0.2609
0.2529
0.2714
0.2671
0.2453
0.2376
0.2649
0.2294
0.2520
0.2462
0.2747
0.2894
0.2528
0.2648
0.2553
0.2320
0.2650
0.2836
0.2499
0.2531
0.2556
0.2372
0.2493
0.2501
0.2564
0.4416
0.2332
0.2609
0.2585
