2.9194
0.2659
0.2687
0.3594
0.2947
0.2757
0.3245
0.3422
0.3092
0.3340
0.3048
0.2815
0.3060
0.2869
0.2958
0.2990
0.2948
0.2818
0.3106
0.3506
0.3303
0.3021
0.2763
0.2732
0.3048
0.3692
0.2884
0.3031
0.2803
0.2927
0.3335
0.5113
0.3050
0.3113
0.3054
0.2673
0.3291
0.2819
0.2766
0.2886
0.2507
0.3402
0.2745
0.2806
0.2709
0.3053
0.2741
0.2898
0.3149
0.2962
0.2966
0.3089
0.2649
0.2776
0.2570
0.2961
0.2569
0.2695
0.3006
0.2811
0.2870
0.3169
0.2898
0.3161
0.5088
0.3192
0.3183
0.2758
0.3123
0.2884
0.2891
0.2920
0.2814
0.2739
0.2630
0.2980
0.2634
0.3000
0.2737
0.2621
0.2799
0.2864
0.2821
0.2848
0.2877
0.2657
0.2685
0.2930
0.3368
0.2712
0.3241
0.2803
0.2800
0.3066
0.2755
0.2615
0.2730
0.2586
0.4875
0.2794
