10.6289
0.3394
0.3204
0.2802
0.2997
0.2903
0.3192
0.3017
0.3146
0.2573
0.2557
0.3096
0.3030
0.2888
0.3177
0.3044
0.3245
0.2982
0.2785
0.2979
0.2812
0.2971
0.3041
0.3382
0.2984
0.3104
0.3069
0.2918
0.3278
0.2752
0.2863
0.5283
0.3146
0.2965
0.3078
0.3808
0.3061
0.2932
0.2525
0.3171
0.3203
0.2988
0.2901
0.2918
0.2949
0.2997
0.3525
0.3146
0.2717
0.2678
0.3106
0.2767
0.2959
0.2908
0.3044
0.2599
0.2757
0.2947
0.2953
0.2967
0.2910
0.3511
0.3442
0.3267
0.4809
0.2639
0.3082
0.3321
0.2648
0.2691
0.2656
0.2648
0.2660
0.2766
0.2880
0.2863
0.3317
0.3086
0.2907
0.3276
0.2955
0.2848
0.2609
0.2565
0.3047
0.2760
0.2801
0.3133
0.2994
0.2860
0.2768
0.2709
0.2757
0.2672
0.2940
0.2633
0.2697
0.2760
0.4718
0.2709
