0.3307
0.2885
0.2839
0.2676
0.2884
0.2626
0.3073
0.2673
0.3102
0.2815
0.2778
0.2626
0.2657
0.2605
0.2944
0.2587
0.2965
0.2665
0.2739
0.2756
0.2879
0.3039
0.2678
0.3229
0.2865
0.2929
0.2836
0.2745
0.2754
0.2547
0.2685
0.2581
0.3009
0.2695
0.2783
0.3299
0.2885
0.3096
0.2974
0.2932
0.3058
0.2660
0.2804
0.3075
0.2738
0.2652
0.4944
0.2840
0.2616
0.2805
0.2977
0.2765
0.2772
0.2654
0.2559
0.2677
0.2721
0.2987
0.2664
0.2885
0.2614
0.2774
0.2671
0.2980
0.2647
0.3424
0.2663
0.2734
0.2813
0.2687
0.2628
0.2682
0.2613
0.2658
0.2599
0.2752
0.2993
0.2885
0.2674
0.3000
0.2762
0.2830
0.2877
0.2876
0.2692
0.2660
0.2777
0.2945
0.2690
0.8687
0.3293
0.8916
0.2775
0.3094
0.3090
0.2651
0.5080
0.2657
0.2950
0.2611
