0.3319
0.3049
0.2866
0.2993
0.2828
0.2635
0.2628
0.2636
0.2807
0.2431
0.2949
0.2902
0.2976
0.2632
0.2984
0.2709
0.2868
0.2549
0.2595
0.2966
0.2707
0.2777
0.2835
0.2774
0.3024
0.2753
0.2850
0.2570
0.3134
0.2528
0.2566
0.2455
0.2665
0.2921
0.3050
0.2889
0.3034
0.2816
0.2878
0.2590
0.3172
0.2730
0.2837
0.2683
0.2720
0.2837
0.4570
0.3018
0.2590
0.3460
0.2834
0.2732
0.2722
0.2550
0.3081
0.2709
0.2694
0.2823
0.2674
0.2681
0.2640
0.3214
0.2748
0.2539
0.2530
0.2806
0.2572
0.2934
0.3243
0.2779
0.3119
0.2800
0.2933
0.2651
0.2504
0.2675
0.2692
0.2730
0.2614
0.2709
0.2501
0.2646
0.2753
0.2765
0.2464
0.3654
0.3001
0.2814
0.2588
0.3190
0.2559
0.2956
0.2571
0.2630
0.2805
0.2924
0.4673
0.3050
0.2702
0.2763
