15.4081
0.2810
0.3242
0.2812
0.2991
0.2542
0.2601
0.2709
0.2685
0.2901
0.2947
0.3422
0.2710
0.3753
0.3016
0.2800
0.2958
0.2521
0.2867
0.2708
0.2839
0.2608
0.2674
0.2804
0.3160
0.2822
0.2713
0.3595
0.2756
0.3242
0.2702
0.5255
0.2658
0.2540
0.3036
0.3485
0.2776
0.2826
0.3082
0.3057
0.2994
0.2679
0.2993
0.2630
0.2492
0.2859
0.2972
0.3030
0.2875
0.3592
0.2760
0.2692
0.3303
0.2758
0.2918
0.2873
0.2843
0.2948
0.2960
0.2987
0.3166
0.3220
0.2674
0.4456
0.2893
0.5018
0.2999
0.3207
0.3091
0.3036
0.3286
0.2667
0.3089
0.3056
0.2845
0.3149
0.3019
0.3015
0.3208
0.3708
0.3172
0.2834
0.2875
0.3030
0.3045
0.3123
0.2843
0.3089
0.3099
0.3592
0.3124
0.3029
0.3253
0.2874
0.3050
0.3005
0.5335
0.3061
0.5160
0.3047
