0.4304
0.2734
0.2786
0.2373
0.2499
0.2720
0.2406
0.2549
0.2481
0.2669
0.2826
0.2372
0.2651
0.2613
0.2765
0.2479
0.2738
0.2345
0.2637
0.2537
0.2638
0.2290
0.2607
0.2357
0.2538
0.2501
0.2545
0.2472
0.2596
0.2875
0.2672
0.2475
0.2571
0.2575
0.2412
0.2322
0.2473
0.2428
0.2432
0.2811
0.2776
0.2663
0.2457
0.2620
0.2415
0.2473
0.4421
0.2443
0.2460
0.2520
0.2680
0.2529
0.2733
0.2483
0.2567
0.2895
0.2672
0.2438
0.2579
0.2537
0.2425
0.2392
0.2584
0.2389
0.2901
0.2513
0.2399
0.2621
0.2440
0.2647
0.2603
0.2623
0.3262
0.2621
0.2523
0.2631
0.2580
0.2486
0.2530
0.2776
0.2968
0.2470
0.2475
0.2628
0.2668
0.2497
0.2394
0.2508
0.2470
0.2255
0.2960
0.2682
0.2500
0.2500
0.2420
0.2445
0.4626
0.2976
0.2571
0.2556
