0.3288
0.2766
0.2798
0.2514
0.2743
0.2406
0.2675
0.2710
0.2920
0.2566
0.2500
0.2857
0.2468
0.2639
0.2521
0.2810
0.2353
0.2655
0.2398
0.2708
0.2393
0.2795
0.2852
0.2906
0.3094
0.2533
0.2513
0.2600
0.2421
0.2582
0.2441
0.2485
0.2412
0.2729
0.2392
0.2635
0.2602
0.2423
0.2589
0.2559
0.2567
0.2430
0.2969
0.2384
0.2699
0.2881
0.4503
0.2504
0.2756
0.2924
0.2674
0.2689
0.2466
0.2614
0.2738
0.2539
0.2544
0.2686
0.2721
0.2637
0.2362
0.2514
0.2704
0.2717
0.2394
0.2657
0.2757
0.2677
0.2463
0.2435
0.2809
0.2490
0.2351
0.3126
0.2721
0.3068
0.2488
0.2691
0.2377
0.2511
0.2688
0.2533
1.2279
0.2905
0.2794
0.2539
0.2569
0.2629
0.2475
0.2629
0.2399
0.2914
0.2418
0.2701
0.2488
0.2871
0.4895
0.2559
0.2610
0.2605
