3.2467
2.8093
2.8652
2.5070
2.8134
2.7682
2.8683
2.7638
2.6118
2.6801
2.6947
2.6604
2.6634
2.5838
2.6378
2.8686
2.7221
2.6032
2.5602
2.5592
2.6621
2.7633
2.6093
2.5747
2.7255
2.6387
2.9386
2.7290
2.6394
2.4519
2.5642
2.8593
2.5855
2.6422
2.6570
2.6584
2.5513
2.9432
2.4711
2.6579
2.7149
2.6898
2.5534
2.7290
2.5217
2.6228
2.5099
2.5707
2.6630
2.5599
2.6633
2.5595
2.4575
2.6632
2.4999
2.6182
2.5611
2.7935
2.6301
2.5606
2.5474
2.4714
2.5904
2.6318
2.7647
2.9388
2.8974
2.8343
2.6971
2.5572
2.6728
2.6523
2.6643
2.4426
2.4744
2.7544
2.6835
2.6467
2.5602
2.7360
2.5772
2.6621
2.7354
2.6224
2.5042
2.8026
2.5558
2.6626
2.7760
2.6270
2.7039
2.6949
2.8149
2.5924
2.6264
2.6228
2.5294
2.7181
2.9010
2.5671
