0.4094
0.3155
0.2435
0.2582
0.2429
0.2434
0.2615
0.2437
0.2402
0.2398
0.2979
0.2516
0.2570
0.2286
0.2355
0.2371
0.2564
0.2703
0.2615
0.2495
0.2402
0.2575
0.2365
0.2456
0.2441
0.2255
0.3417
0.2557
0.2561
0.2494
0.2367
0.2280
0.2474
0.2368
0.2514
0.2602
0.2634
0.2369
0.2541
0.2374
0.2369
0.2376
0.2609
0.2593
0.2957
0.2454
0.4760
0.2634
0.2613
0.2502
0.2389
0.2364
0.2481
0.2544
0.2507
0.2577
0.2310
0.2372
0.3130
0.2442
0.2556
0.2457
0.2394
0.2366
0.2553
0.2510
0.3022
0.2443
0.2403
0.2459
0.2322
0.2378
0.2393
0.2373
0.2364
0.2391
0.2316
0.2571
0.2466
0.2475
0.2481
0.2519
0.2395
0.2358
0.2665
0.2423
0.2276
0.2349
0.2701
0.2459
0.2277
0.2789
0.2597
0.3159
0.2810
0.2649
0.4669
0.2526
0.2470
0.2545
