0.2581
0.3463
0.2581
0.2568
0.2364
0.2832
0.2566
0.2734
0.2521
0.2426
0.2839
0.2618
0.3058
0.2515
0.2493
0.2503
0.2877
0.2711
0.2434
0.2551
0.2851
0.2345
0.2729
0.2641
0.2521
0.2741
0.2642
0.2812
0.2853
0.2552
0.2621
0.2769
0.2625
0.2646
0.2329
0.2384
0.2457
0.2664
0.2501
0.2288
0.2218
0.2827
0.2554
0.2583
0.2474
0.2972
0.4737
0.2442
0.2405
0.2297
0.2457
0.2307
0.2481
0.2328
0.3177
0.2532
0.2845
0.2544
0.3009
0.2863
0.2797
0.2700
0.2803
0.2823
0.2594
0.2342
0.2667
0.2773
0.2550
0.2586
0.2745
0.3073
0.2575
0.2662
0.3274
0.2753
0.3100
0.2210
0.2632
0.2364
0.2844
0.2366
0.2480
0.2439
0.2670
0.2517
0.2662
0.2473
0.2884
0.2737
0.2971
0.2979
0.2744
0.2808
0.2309
0.2645
0.4754
0.2486
0.2310
0.2547
