3.5350
0.2886
0.3040
0.2797
0.3087
0.2733
0.2880
0.2504
0.2574
0.2468
0.2888
0.2904
0.2790
0.2998
0.2909
0.2692
0.2568
0.2864
0.2887
0.2996
0.3309
0.2833
0.2566
0.2630
0.2533
0.2923
0.2504
0.2714
0.2616
0.2657
0.2656
0.4627
0.2549
0.3110
0.2793
0.2636
0.2590
0.2713
0.2478
0.2540
0.2977
0.2920
0.2860
0.2603
0.2514
0.2669
0.2552
0.2550
0.2727
0.2573
0.2942
0.2342
0.2637
0.2373
0.2626
0.2647
0.2436
0.2420
0.2645
0.3077
0.2985
0.2548
0.2997
0.2911
0.5125
0.2543
0.2569
0.2764
0.2574
0.2662
0.2830
0.2608
0.2383
0.2598
0.2565
0.2731
0.2926
0.2965
0.2402
0.2639
0.2444
0.2868
0.2766
0.2886
0.2658
0.2756
0.3237
0.3208
0.2450
0.2566
0.2578
0.2831
0.2813
0.2620
0.2893
0.2755
0.2545
0.2566
0.4871
0.2692
