120.4917
0.3448
0.3040
0.3268
0.3136
0.3041
0.2969
0.3051
0.3059
0.3228
0.2686
0.3924
0.2917
0.3336
0.2649
0.5610
0.3358
0.3135
0.2952
0.2991
0.2825
0.2672
0.2802
0.2534
0.2948
0.2748
0.2951
0.2691
0.2553
0.2551
0.2969
0.4754
0.2775
0.2595
0.2963
0.2477
0.2577
0.2433
0.2671
0.3072
0.2861
0.2674
0.2694
0.3555
0.3131
0.2790
0.3211
0.2870
0.2729
0.2546
0.2772
0.2522
0.2810
0.2930
0.2898
0.3100
0.3197
0.2734
0.2963
0.3952
0.2999
0.2542
0.2665
0.2721
0.2961
0.5073
0.2943
0.2867
0.2743
0.2802
0.2598
0.2824
0.2497
0.3307
0.2955
0.3386
0.2514
0.2547
0.2493
0.2764
0.2531
0.3043
0.2951
0.2884
0.2801
0.3162
0.3139
0.2723
0.2698
0.2664
0.2414
0.2737
0.2583
0.2587
0.2650
0.3144
0.2977
0.3354
0.5206
0.2635
