0.2773
0.5132
0.2967
0.2321
0.2493
0.2607
0.2416
0.2777
0.2324
0.2923
0.2488
0.2713
0.2603
0.2943
0.2702
0.2676
0.2558
0.2397
0.2531
0.2554
0.2680
0.2553
0.2313
0.2958
0.2422
0.4783
0.5228
0.5229
0.3270
0.2854
0.2647
0.2507
0.2733
0.2703
0.2430
0.2419
0.2649
0.2226
0.2370
0.2617
0.2653
0.2650
0.2487
0.2816
0.2452
0.2423
0.4537
0.2442
0.2435
0.2248
0.2651
0.2569
0.2424
0.2308
0.2535
0.2507
0.2812
0.2514
0.3213
0.2397
0.2652
0.2395
0.2468
0.2875
0.2566
0.2747
0.2777
0.2484
0.2411
0.2448
0.2317
0.2633
0.2391
0.2617
0.2389
0.2796
0.3050
0.2981
0.2554
0.2412
0.2517
0.2523
0.2226
0.2575
0.2674
0.2338
0.2417
0.2606
0.2322
0.2630
0.2608
0.2418
0.2605
0.2687
0.2573
0.2500
0.4452
0.2527
0.2335
0.2287
