0.3190
0.2904
0.2627
0.2474
0.2882
0.2761
0.2681
0.2543
0.2449
0.2735
0.2785
0.2717
0.2501
0.2964
0.2631
0.3005
0.2694
0.2837
0.2509
0.2773
0.2715
0.2563
0.2563
0.2822
0.2741
0.2460
0.2535
0.2423
0.2810
0.2651
0.2704
0.2743
0.2880
0.2657
0.2448
0.3008
0.2894
0.2842
0.2712
0.2934
0.3022
0.2821
0.2680
0.2924
0.2408
0.2582
0.5286
0.2485
0.2684
0.2546
0.2832
0.2362
0.3075
0.2549
0.2389
0.2526
0.2424
0.2575
0.2796
0.2820
0.2509
0.3254
0.2522
0.2472
0.3155
0.2607
0.2537
0.2851
0.3269
0.2576
0.2485
0.2377
0.2636
0.2246
0.2783
0.2669
0.2814
0.2388
0.2679
0.2325
0.2612
0.2412
0.2650
0.2535
0.2451
0.2813
0.2421
0.2441
0.2395
0.2395
0.2501
0.2286
0.2549
0.2328
0.2771
0.2483
0.4698
0.2703
0.2727
0.2592
