0.2827
0.2811
0.2498
0.2509
0.2739
0.2658
0.2455
0.2864
0.2618
0.2848
0.2360
0.3035
0.2430
0.2500
0.2569
0.2454
0.2553
0.3298
0.2461
0.2652
0.2572
0.2534
0.2343
0.2642
0.2324
0.2558
0.2676
0.2645
0.2402
0.2442
0.2235
0.2580
0.2373
0.3355
0.2734
0.2611
0.2817
0.2940
0.2878
0.2940
0.2564
0.2546
0.2658
0.3660
0.2945
0.3116
0.5082
0.2516
0.2792
0.2806
0.2536
0.2496
0.2735
0.2701
0.2746
0.2566
0.3134
0.2561
0.2569
0.2366
0.2460
0.2673
0.2503
0.2576
0.2793
0.2598
0.2498
0.2829
0.2393
0.2751
0.2467
0.2585
0.2634
0.2745
0.2617
0.2619
0.2687
0.2519
0.3328
0.2605
0.2503
0.2354
0.2501
0.2609
0.2673
0.2466
0.2412
0.2559
0.2868
0.2561
0.2751
0.2454
0.2363
0.2696
0.2849
0.2542
0.4948
0.2554
0.2329
0.2622
