6.9879
4.4035
2.4576
2.3546
2.4578
2.3558
2.4436
2.3888
2.3470
2.2942
2.3903
2.4701
2.3065
2.3898
2.4730
2.3699
2.3392
2.4567
2.4582
2.3552
2.2890
2.6262
2.2909
2.3598
2.3581
2.3664
2.3961
2.3244
2.2655
2.6816
2.3587
2.4570
2.5566
2.3536
2.3609
2.4541
2.4217
2.4586
2.2199
2.4973
2.4005
2.4360
2.4589
2.3563
2.4589
2.4561
2.4581
2.5358
2.4807
2.5590
2.4582
2.4560
2.4592
2.4546
2.5613
2.5595
2.3321
2.3804
2.5019
2.2606
2.3565
2.3274
2.4312
2.4544
2.5459
2.5779
2.4548
2.3963
2.5181
2.4046
2.3774
2.4140
2.3852
2.3278
2.3120
2.5715
2.4754
2.5418
2.4583
2.4032
2.3241
2.5076
2.5936
2.3551
2.4573
2.4574
2.4569
2.4393
2.3737
2.4580
2.6585
2.4604
2.3549
2.5592
2.5602
2.5592
2.5581
2.5646
2.5575
2.4573
