0.2761
0.2621
0.2497
0.3450
0.2682
0.3199
0.2549
0.2863
0.2961
0.2955
0.2761
0.2396
0.2935
0.2396
0.2525
0.2537
0.3134
0.2581
0.2646
0.2421
0.2960
0.2399
0.2365
0.2586
0.2704
0.2774
0.2378
0.2705
0.2706
0.2322
0.2537
0.2429
0.2924
0.2440
0.2752
0.2859
0.2738
0.2530
0.2692
0.2503
0.3393
0.2585
0.2600
0.2671
0.2583
0.2458
0.4496
0.2584
0.2413
0.2589
0.2452
0.2661
0.2587
0.2966
0.2488
0.2737
0.2697
0.2594
0.2550
0.2712
0.2440
0.2493
0.2633
0.2455
0.2485
0.2554
0.2481
0.2514
0.2545
0.3105
0.2599
0.2421
0.2492
0.2477
0.2540
0.2709
0.2455
0.2650
0.2740
0.2832
0.2753
0.2863
0.2373
0.2655
0.2436
0.2666
0.2954
0.3052
0.2521
0.2321
0.2320
0.2614
0.2555
0.2454
0.2457
0.2303
0.4580
0.2405
0.3113
0.2745
