0.3228
0.2857
0.2436
0.2368
0.2353
0.2511
0.2532
0.2378
0.2722
0.2677
0.2444
0.3029
0.2532
0.2529
0.2415
0.2691
0.2605
0.2619
0.2843
0.2703
0.2536
0.2455
0.2500
0.2501
0.2476
0.2564
0.2702
0.2711
0.2517
0.2559
0.2667
0.2382
0.2518
0.2407
0.2471
0.2424
0.2580
0.2817
0.3023
0.2616
0.2445
0.2566
0.2678
0.2433
0.2511
0.2413
0.4702
0.2422
0.2409
0.2484
0.2693
0.2464
0.2677
0.2396
0.2764
0.2363
0.2536
0.2818
0.2435
0.2412
0.3228
0.2954
0.2726
0.2579
0.3353
0.2625
0.2617
0.2424
0.2608
0.2413
0.2528
0.3090
0.2558
0.2865
0.2850
0.2589
0.2602
0.2477
0.2527
0.2431
0.2506
0.2486
0.2678
0.2488
0.2539
0.2549
0.2576
0.2676
0.2645
0.2603
0.2630
0.2705
0.2740
0.2786
0.2501
0.2410
0.4962
0.2878
0.2616
0.2473
