0.3199
0.2676
0.2616
0.2461
0.2914
0.2862
0.2872
0.2562
0.2818
0.3162
0.2828
0.3151
0.2647
0.2586
0.2994
0.2730
0.2493
0.2427
0.2571
0.2524
0.2760
0.2444
0.2972
0.2674
0.2700
0.2654
0.2856
0.2737
0.2520
0.2306
0.2751
0.2506
0.2697
0.2478
0.3035
0.2566
0.2569
0.2469
0.2550
0.2424
0.2804
0.2464
0.2520
0.2418
0.2424
0.2735
0.4500
0.2451
0.2429
0.2675
0.2468
0.2520
0.2791
0.2507
0.2632
0.2675
0.2439
0.2441
0.2313
0.2832
0.2311
0.2444
0.2598
0.2367
0.2866
0.2794
0.2756
0.2934
0.2737
0.2730
0.2721
0.2738
0.2424
0.2866
0.2527
0.2718
0.2496
0.2495
0.2323
0.3058
0.2398
0.2738
0.2688
0.3164
0.2555
0.2465
0.2585
0.2681
0.2689
0.2548
0.2574
0.2744
0.2500
0.2892
0.2473
0.2576
0.4739
0.2802
0.2784
0.2456
