0.2402
0.2765
0.2622
0.2544
0.2452
0.4966
0.2988
0.2569
0.2413
0.2509
0.2546
0.2603
0.2560
0.2415
0.2427
0.2534
0.5145
0.2353
0.2823
0.2689
0.2461
0.2663
0.2924
0.2554
0.2592
0.2420
0.2730
0.2672
0.2397
0.2514
0.2317
0.2559
0.2601
0.2413
0.2437
0.2464
0.2484
0.2497
0.2858
0.2406
0.2562
0.2422
0.3297
0.2720
0.2587
0.2376
0.4494
0.3028
0.2458
0.2536
0.2521
0.2599
0.2489
0.2658
0.3005
0.2818
0.2715
0.2469
0.2464
0.2432
0.2317
0.2317
0.2474
0.2470
0.2499
0.2956
0.2585
0.2714
0.2550
0.2491
0.2373
0.2343
0.3406
0.2324
0.2928
0.2276
0.4272
0.2317
0.2867
0.3772
0.2398
0.2640
0.5117
0.3067
0.2684
0.2461
0.2467
0.2537
0.2530
0.2690
0.2522
0.2940
0.2926
0.3407
0.2436
0.2846
0.4366
0.2614
0.2373
0.2362
