0.3162
0.2842
0.2561
0.2599
0.2460
0.2401
0.2421
0.2295
0.2714
0.2287
0.2662
0.2482
0.2700
0.2338
0.2342
0.2482
0.2641
0.2837
0.2510
0.2742
0.2488
0.2341
0.2504
0.2543
0.2386
0.2567
0.2724
0.2618
0.2512
0.2495
0.2324
0.2525
0.2614
0.2508
0.2330
0.2331
0.2627
0.2386
0.2455
0.2850
0.2776
0.2562
0.2531
0.2716
0.2290
0.2349
0.4476
0.2863
0.2757
0.2439
0.2395
0.2730
0.2287
0.2751
0.2688
0.2593
0.2472
0.2866
0.2805
0.2715
0.3692
0.2345
0.2261
0.2580
0.2611
0.2360
0.2491
0.2999
0.2722
0.2538
0.2342
0.2425
0.2346
0.2810
0.2355
0.2454
0.2562
0.2517
0.2248
0.2699
0.2436
0.2367
0.2541
0.2310
0.2589
0.2889
0.2283
0.2715
0.2540
0.2417
0.2627
0.2606
0.2667
0.2822
0.2332
0.3126
0.4458
0.2885
0.3293
0.2634
