0.3184
0.3236
0.2770
0.2474
0.2603
0.2696
0.2574
0.2955
0.2919
0.2479
0.2845
0.2441
0.2738
0.2864
0.2776
0.2480
0.2770
0.2676
0.2624
0.2616
0.2660
0.2726
0.2614
0.2585
0.2678
0.2457
0.2938
0.2792
0.2803
0.2736
0.2653
0.2918
0.2888
0.2792
0.2613
0.2813
0.3236
0.2509
0.2825
0.3001
0.3082
0.2791
0.3010
0.2573
0.2917
0.2916
0.4590
0.2920
0.2652
0.2650
0.2545
0.2979
0.2871
0.2915
0.2568
0.2721
0.2870
0.2895
0.2981
0.2698
0.2642
0.2671
0.2629
0.2604
0.2523
0.2736
0.2574
0.3122
0.2926
0.3098
0.2516
0.2829
0.2844
0.2885
0.2568
0.2805
0.2530
0.2672
0.2514
0.2653
0.2833
0.2641
0.2933
0.2727
0.2642
0.2772
0.2997
0.2769
0.2713
0.2580
0.2622
0.2497
0.2874
0.2840
0.2883
0.2818
0.4633
0.2782
0.2749
0.2651
