0.2796
0.2744
0.2493
0.2674
0.2669
0.2577
0.2501
0.2588
0.3117
0.2798
0.2391
0.2745
0.2584
0.3281
0.2397
0.2471
0.2394
0.2469
0.2624
0.2366
0.2485
0.2684
0.2625
0.2494
0.2266
0.2375
0.2516
0.2745
0.2650
0.2630
0.2410
0.2493
0.2787
0.2454
0.2935
0.2525
0.2360
0.2546
0.2727
0.2452
0.2351
0.2478
0.2491
0.2534
0.2472
0.3948
1.0476
0.5257
0.5241
0.5217
0.5198
0.5300
0.5221
0.5236
0.3279
0.2273
0.2954
0.2622
0.2802
0.2657
0.2612
0.2433
0.2628
0.2610
0.2640
0.2345
0.2861
0.2327
0.2912
0.2375
0.2845
0.2405
0.2834
0.2288
0.2918
0.2547
0.2726
0.2368
0.2879
0.3090
0.2695
0.2295
0.2378
0.2596
0.2942
0.2661
0.2487
0.2356
0.2681
0.2631
0.2666
0.2439
0.2841
0.2506
0.2637
0.2466
0.4793
0.3221
0.2366
0.2897
