0.3067
0.2793
0.2598
0.3020
0.2699
0.2955
0.2917
0.2892
0.2552
0.2880
0.2566
0.2738
0.2757
0.3075
0.2595
0.2706
0.2655
0.2696
0.2765
0.3172
0.2575
0.2730
0.2521
0.2997
0.2709
0.3004
0.2736
0.2769
0.2525
0.2808
0.2722
0.2877
0.2582
0.2606
0.3018
0.3072
0.2762
0.2852
0.2953
0.2723
0.2865
0.3137
0.2936
0.2559
0.2816
0.2890
0.4646
0.2499
0.2522
0.2648
0.2816
0.2704
0.2646
0.2790
0.2687
0.2581
0.2820
0.2663
0.2818
0.2542
0.2595
0.2622
0.2762
0.3058
0.2997
0.2614
0.3211
0.2683
0.2518
0.2582
0.2655
0.2430
0.2607
0.2506
0.2473
0.2469
0.2700
0.2490
0.2810
0.2516
0.2834
0.2561
0.3106
0.2516
0.2487
0.2769
0.2575
0.2609
0.3164
0.2655
0.3247
0.2463
0.2834
0.2847
0.2562
0.2712
0.5256
0.2518
0.2698
0.2934
