0.4805
0.2523
0.2521
0.2570
0.2353
0.2358
0.2428
0.2568
0.2718
0.2366
0.2791
0.2477
0.2433
0.2637
0.2568
0.2517
0.2342
0.2276
0.2398
0.2624
0.2409
0.2449
0.2371
0.2424
0.2728
0.2542
0.2400
0.2593
0.2871
0.2546
0.2775
0.2655
0.2491
0.2475
0.2499
0.2608
0.2325
0.2545
0.2507
0.2637
0.2732
0.2406
0.2795
0.2410
0.2645
0.3079
0.4567
0.2652
0.2392
0.2552
0.2645
0.2619
0.2462
0.2533
0.2658
0.2454
0.2669
0.2745
0.2640
0.2380
0.2480
0.2717
0.2695
0.2420
0.2583
0.2600
0.2456
0.2780
0.2479
0.2486
0.2473
0.2625
0.2589
0.2509
0.2467
0.2425
0.2666
0.2529
0.2853
0.2875
0.2451
0.2464
0.2440
0.2292
0.2532
0.2515
0.2755
0.2683
0.2416
0.2370
0.2831
0.2659
0.2574
0.2750
0.2658
0.2301
0.4446
0.2477
0.2457
0.2398
