0.3109
0.2686
0.2375
0.2532
0.2511
0.2656
0.2511
0.2540
0.2527
0.2755
0.2560
0.2822
0.2720
0.2546
0.2917
0.2985
0.2475
0.2613
0.2367
0.2529
0.2468
0.2592
0.2401
0.2582
0.2529
0.2753
0.2748
0.2507
0.2465
0.2506
0.2519
0.2841
0.2606
0.2754
0.2543
0.2518
0.2406
0.2425
0.2547
0.2736
0.2512
0.2623
0.2818
0.2831
0.2802
0.2830
0.4802
0.2552
0.2827
0.2400
0.2576
0.2439
0.2989
0.2492
0.2846
0.2936
0.2576
0.2562
0.2560
0.2822
0.2688
0.2667
0.2676
0.2472
0.2642
0.2463
0.2645
0.2470
0.2765
0.2591
0.2803
0.2508
0.2716
0.2679
0.2723
0.2541
0.2510
0.2579
0.2644
0.2511
0.2776
0.2738
0.2712
0.2621
0.2820
0.2702
0.2913
0.2745
0.2657
0.2529
0.2753
0.2636
0.2665
0.2416
0.2576
0.2947
0.5022
0.2534
0.2647
0.3124
