0.4673
0.7672
0.5698
0.3758
0.3843
0.4260
0.4239
0.2736
0.5032
0.5129
0.2664
0.2630
0.3484
0.3703
0.2582
0.4289
0.3558
0.5744
0.4764
0.7018
0.3471
0.6253
0.4208
0.6019
0.3419
0.4954
0.3706
0.5945
0.3862
0.3564
0.3609
0.3821
0.3767
0.4647
0.3322
0.5513
0.3432
0.4056
0.2674
0.3870
0.3309
0.3649
0.3545
0.4415
0.4980
0.6074
0.8667
0.7369
0.3732
0.6970
0.3721
0.5355
0.4490
0.5709
0.4999
0.6998
0.3574
0.4739
0.5288
0.5951
0.3077
0.3431
0.4364
0.6722
0.4586
0.4075
0.3334
0.3858
0.3335
0.4347
0.2851
0.6368
0.2980
0.4300
0.2664
0.5394
0.2902
0.3997
0.2666
0.4230
0.2642
0.5091
0.2664
0.4743
0.3057
0.6932
0.3035
0.5130
0.2565
0.4403
0.2659
0.3894
0.2596
0.5374
0.2332
0.5877
0.4708
0.2663
0.3966
0.2617
