0.2456
0.2784
0.2796
0.2352
0.2770
0.2467
0.2394
0.2432
0.2384
0.2505
0.2532
0.2315
0.2460
0.2630
0.2624
0.2417
0.2352
0.2247
0.2607
0.2872
0.2966
0.2317
0.2492
0.2612
0.2328
0.2463
0.2563
0.2250
0.2316
0.2708
0.2656
0.2611
0.2499
0.2411
0.2540
0.2322
0.2745
0.2256
0.2410
0.2250
0.2618
0.2334
0.2386
0.2765
0.2667
0.2663
0.4336
0.2574
0.2493
0.2322
0.2255
0.2634
0.2313
0.2403
0.2431
0.2387
0.2436
0.2754
0.2435
0.2416
0.2306
0.2707
0.2313
0.2424
0.2265
0.2653
0.2588
0.2537
0.2402
0.2602
0.2523
0.2637
0.2224
0.2730
0.2403
0.2627
0.2562
0.2692
0.2601
0.3182
0.2450
0.2737
0.3008
0.2551
0.3351
0.2507
0.2326
0.2444
0.2595
0.2357
0.2669
0.2478
0.2558
0.2798
0.2796
0.2473
0.4647
0.2594
0.2579
0.2571
