0.2536
0.2698
0.2395
0.2514
0.2892
0.2547
0.2393
0.2556
0.2550
0.2459
0.2540
0.2410
0.2616
0.2829
0.2526
0.2428
0.2488
0.2633
0.2761
0.2509
0.2483
0.2915
0.2870
0.2809
0.2525
0.2443
0.2553
0.2771
0.2461
0.2334
0.2409
0.2566
0.2444
0.2631
0.2391
0.2738
0.2491
0.2538
0.2788
0.2623
0.2671
0.2461
0.2497
0.2701
0.2520
0.2628
0.4683
0.2375
0.2526
0.2459
0.3248
0.2690
0.2789
0.2603
0.7405
0.2656
0.3311
0.2657
0.2795
0.2537
0.2629
0.2592
0.2645
0.2604
0.2981
0.2595
0.2971
0.2502
0.3167
0.2427
0.2624
0.3290
0.2706
0.2662
0.2935
0.2726
0.2901
0.2758
0.2536
0.2560
0.2945
0.2491
0.2580
0.2699
0.2653
0.2636
0.2645
0.2556
0.2888
0.2834
0.2599
0.2983
0.2938
0.2418
0.2636
0.2865
0.4700
0.2672
0.2898
0.3046
