0.2698
0.2754
0.2541
0.2369
0.2617
0.2461
0.2343
0.2629
0.2383
0.2440
0.2431
0.2594
0.2737
0.2643
0.2563
0.2406
0.2326
0.2744
0.2561
0.2380
0.2661
0.2234
0.2700
0.2766
0.2710
0.2706
0.2652
0.2518
0.2389
0.2640
0.2713
0.2386
0.2713
0.2458
0.2615
0.2334
0.2585
0.2533
0.2235
0.2483
0.2339
0.2370
0.3148
0.3017
0.2828
0.2846
0.4659
0.2971
0.2552
0.2615
0.2983
0.2445
0.2497
0.2689
0.2535
0.2579
0.2616
0.2721
0.2513
0.2889
0.2319
0.2452
0.2525
0.2386
0.2477
0.2508
0.3006
0.2500
0.2806
0.2759
0.2921
0.2743
0.3204
0.2802
0.2553
0.2685
0.2493
0.2453
0.2376
0.2815
0.2569
0.2973
0.2263
0.2394
0.2680
0.2482
0.2866
0.2990
0.2946
0.2688
0.2770
0.2841
0.2510
0.4236
0.2738
0.2575
0.4651
0.2420
0.2703
0.2354
