0.4480
0.2473
0.2727
0.2544
0.2562
0.2995
0.2842
0.2782
0.2611
0.2680
0.2543
0.2369
0.2543
0.2423
0.2418
0.2399
0.2928
0.2375
0.2675
0.2857
0.2517
0.2469
0.2499
0.2585
0.2551
0.2384
0.2627
0.2411
0.2541
0.2491
0.2658
0.2903
0.3690
0.2765
0.2776
0.2895
0.2514
0.2743
0.3527
0.2685
0.2322
0.2903
0.2351
0.2421
0.2711
0.2560
0.5029
0.2823
0.2473
0.2612
0.2447
0.2689
0.2716
0.2645
0.2745
0.2594
0.2445
0.2706
0.2679
0.2412
0.2591
0.2649
0.2670
0.2881
0.2706
0.2734
0.2483
0.2552
0.2508
0.2408
0.2588
0.2417
0.2425
0.2613
0.2490
0.2462
0.2520
0.2519
0.2603
0.2825
0.2886
0.2660
0.4096
0.3392
0.2746
0.2645
0.3059
0.2752
0.2908
0.2600
0.2649
0.2558
0.2735
0.2479
0.2768
0.2478
0.4723
0.2534
0.2379
0.2450
