0.2885
0.2303
0.2546
0.2404
0.3042
0.2304
0.2293
0.2631
0.2413
0.2595
0.2781
0.2497
0.2694
0.2624
0.2306
0.2507
0.2764
0.2314
0.2405
0.2873
0.2906
0.2700
0.2656
0.2419
0.2489
0.2428
0.2603
0.2519
0.2622
0.2397
0.2482
0.2364
0.2476
0.2344
0.2922
0.2253
0.2460
0.2710
0.2624
0.2564
0.2370
0.2306
0.2468
0.2348
0.2494
0.2320
0.4521
0.2618
0.2452
0.2329
0.2944
0.2624
0.2702
0.2372
0.2480
0.2381
0.2362
0.2571
0.2550
0.2407
0.2375
0.2504
0.2551
0.2415
0.3101
0.2504
0.2369
0.2789
0.2419
0.2442
0.2493
0.2516
0.2706
0.2297
0.2304
0.2353
0.2420
0.2271
0.2347
0.2439
0.2768
0.2472
0.2590
0.2850
0.2458
0.2606
0.2678
0.2575
0.2628
0.2585
0.2528
0.2502
0.2738
0.2473
0.2280
0.2510
0.4531
0.2540
0.2671
0.2346
