0.3065
0.2555
0.3311
0.2542
0.2681
0.2647
0.2543
0.2555
0.2660
0.2450
0.2769
0.2796
0.2764
0.2603
0.2997
0.2565
0.2624
0.2586
0.2478
0.2635
0.2594
0.2635
0.2627
0.2423
0.2762
0.2738
0.2707
0.2716
0.3099
0.2745
0.2883
0.3054
0.2650
0.2600
0.2594
0.2607
0.2560
0.2718
0.2581
0.2536
0.2729
0.2569
0.2396
0.2609
0.2858
0.2517
0.5421
0.2542
0.2667
0.2800
0.2446
0.2614
0.2601
0.2669
0.2649
0.2641
0.2739
0.2771
0.2542
0.2448
0.2839
0.2631
0.2715
0.2582
0.2605
0.2621
0.2943
0.2872
0.2699
0.2622
0.2872
0.2594
0.2863
0.2523
0.2573
0.2736
0.2870
0.2440
0.2650
0.2526
0.2583
0.2505
0.2624
0.2655
0.2627
0.2698
0.2523
0.2832
0.2825
0.2479
0.2515
0.2562
0.2390
0.2527
0.2577
0.2591
0.4903
0.2589
0.2882
0.2567
