0.3083
0.3022
0.2994
0.3153
0.3139
0.3165
0.2711
0.2654
0.2979
0.2902
0.2602
0.2620
0.2805
0.2925
0.3702
0.2791
0.2964
0.2509
0.2968
0.3439
0.2912
0.2605
0.2656
0.2863
0.2757
0.2632
0.2719
0.2897
0.2878
0.2852
0.2553
0.4811
0.2721
0.2606
0.2560
0.2850
0.2789
0.2524
0.3479
0.2637
0.2705
0.2892
0.2402
0.2753
0.2640
0.2555
0.2596
0.3138
0.2536
0.2453
0.2697
0.2568
0.2655
0.2678
0.2977
0.2705
0.2992
0.2360
0.2814
0.2950
0.2852
0.2826
0.2933
0.2579
0.4519
0.2604
0.2730
0.2876
0.2548
0.2882
0.3032
0.2627
0.2746
0.2861
0.3103
0.3071
0.2914
0.3076
0.2778
0.2500
0.2946
0.2536
0.2926
0.2639
0.2947
0.2762
0.2598
0.2961
0.2911
0.2972
0.2948
0.2948
0.2618
0.3090
0.2677
0.2777
0.2567
0.4784
0.2836
0.2891
