403.7810
5.8080
5.0093
5.5465
5.0074
4.7427
1.6826
1.8087
2.7195
1.9856
1.9312
1.8727
2.9963
1.8131
1.8436
1.8410
1.8855
1.8985
2.2675
1.9484
1.8437
1.9364
1.6610
2.4866
5.0912
2.1274
3.8885
2.0900
3.4023
3.1213
3.5592
1.8407
1.9912
4.0902
2.0416
1.7917
1.8277
1.8686
2.1141
3.6887
2.1596
1.6903
1.8189
1.8692
1.9895
1.8368
2.4031
3.9117
4.4460
2.7209
6.1902
3.7120
2.4990
1.4520
3.7379
3.4807
3.4288
5.2539
2.0210
2.0119
1.9222
1.9220
1.7979
1.8361
2.5090
2.0201
1.9064
2.0853
2.3779
2.1546
1.9662
1.9172
3.3096
2.8037
5.0286
1.9318
3.7822
4.7090
4.4284
1.9156
1.6856
4.3939
1.8006
4.1917
3.0808
2.0920
2.5336
2.2364
2.2407
1.9136
3.3931
2.2336
2.3577
2.0618
1.9622
2.0233
2.5473
3.8340
4.9645
2.6391
