10.4793
10.1360
10.9569
11.1883
10.5223
10.8997
10.3707
10.4429
10.0648
10.0775
12.5091
10.7954
10.7470
10.1027
9.9712
10.0714
10.5488
9.5520
9.7439
10.0383
9.5022
10.3821
10.0541
10.5246
10.0363
9.9315
10.8558
11.5714
9.9614
10.1071
10.2862
10.6584
10.5276
10.2553
10.2593
10.1678
9.4228
10.5739
10.5197
9.8992
10.1688
10.5919
10.1962
9.7275
9.9021
11.0916
10.2408
10.3433
10.4413
10.8546
9.7294
10.7174
9.9499
10.3908
9.7291
10.5153
10.2398
9.6242
10.7513
10.7520
10.4448
9.8298
10.4451
10.6121
9.8207
9.5679
12.2323
9.9227
11.3350
9.6217
10.8547
10.0275
10.6782
10.0124
10.5949
10.3454
10.9516
10.8121
10.1804
10.0321
10.2032
10.2298
10.5482
11.1601
10.4432
10.2408
10.2582
10.7344
10.3809
9.7360
10.9290
9.9749
9.7202
10.3903
10.5483
10.2380
10.5444
11.0597
10.8499
11.4499
