0.2862
0.2993
0.2654
0.3579
0.2240
0.2688
0.2462
0.2715
0.2213
0.2606
0.2526
0.2806
0.2495
0.2369
0.2259
0.2502
0.3237
0.2612
0.2562
0.2558
0.2481
0.2418
0.2549
0.2451
0.2657
0.2408
0.2725
0.3150
0.2990
0.2704
0.2407
0.2582
0.2417
0.2434
0.2402
0.2515
0.2594
0.2362
0.2363
0.2631
0.2525
0.2430
0.2302
0.2511
0.2711
0.2462
0.4417
0.2290
0.2425
0.2551
0.2304
0.2780
0.2716
0.2691
0.2383
0.2848
0.2514
0.2686
0.2546
0.2508
0.2423
0.2575
0.2488
0.2442
0.2872
0.2938
0.2676
0.2588
0.3085
0.2353
0.2446
0.2998
0.2745
0.2435
0.2755
0.2381
0.2390
0.2275
0.2435
0.2461
0.2534
0.2975
0.2543
0.2529
0.2822
0.2408
0.2370
0.2742
0.2335
0.2458
0.2751
0.2375
0.2622
0.2350
0.2371
0.2307
0.4352
0.2474
0.3002
0.2605
