0.2873
0.2698
0.2521
0.2837
0.3049
0.3112
0.2836
0.2941
0.2682
0.2918
0.3072
0.3183
0.2904
0.2906
0.2666
0.2662
0.2615
0.2585
0.2817
0.2671
0.2530
0.2745
0.3387
0.2857
0.2725
0.2674
0.2599
0.2618
0.2961
0.2744
0.3157
0.5114
0.3156
0.2627
0.3256
0.3310
0.2766
0.3044
0.2812
0.2897
0.3035
0.2973
0.2775
0.2909
0.2609
0.2617
0.2814
0.3014
0.2839
0.2794
0.2759
0.3211
0.2983
0.2745
0.2786
0.2865
0.2714
0.3162
0.2684
0.2629
0.2583
0.3288
0.2904
0.3126
0.3374
0.5231
0.2727
0.3049
0.2874
0.2922
0.3036
0.2577
0.2727
0.3049
0.2492
0.2504
0.2515
0.2929
0.2689
0.2522
0.3036
0.2969
0.2905
0.2754
0.2519
0.2672
0.2721
0.2754
0.2692
0.3122
0.3000
0.3292
0.2981
0.2803
0.3200
0.2884
0.2577
0.2954
0.4431
0.2656
