0.2517
0.2614
0.2895
0.2376
0.2427
0.2381
0.2334
0.2544
0.2538
0.2444
0.2561
0.6375
0.2275
0.9591
0.2667
0.2315
0.2454
0.2520
0.2547
0.2471
0.2403
0.2411
0.2445
0.2764
0.2921
0.2471
0.2753
0.2685
0.2470
0.2528
0.2552
0.2471
0.2523
0.2572
0.2438
0.2622
0.2535
0.2514
0.2936
0.2858
0.2622
0.2482
0.2981
0.2674
0.2462
0.2670
0.4767
0.2514
0.2504
0.2477
0.2382
0.2582
0.2593
0.2343
0.2455
0.2827
0.2363
0.3139
0.2771
0.2465
0.2862
0.2413
0.2763
0.2289
0.2915
0.2522
0.2384
0.2809
0.2517
0.2901
0.2314
0.2666
0.2358
0.2424
0.2595
0.2518
0.2405
0.2630
0.2763
0.2800
0.2358
0.2536
0.2834
0.2673
0.2646
0.2691
0.2477
0.3618
0.2741
0.2500
0.2521
0.2572
0.2386
0.2542
0.3018
0.2371
0.4831
0.2591
0.2401
0.2726
