110.6819
0.3048
0.3229
0.3460
0.2673
0.2831
0.3072
0.2927
0.2847
0.2887
0.2804
0.2994
0.3082
0.2646
0.2982
0.3187
0.2824
0.3047
0.2714
0.2826
0.2953
0.2722
0.2569
0.3265
0.2852
0.3143
0.2762
0.2811
0.3332
0.2923
0.2931
0.5733
0.2896
0.2700
0.2975
0.2997
0.2859
0.2793
0.2652
0.2777
0.2911
0.2872
0.3075
0.2929
0.3029
0.2843
0.4036
0.2949
0.2769
0.2590
0.2955
0.2931
0.2876
0.2657
0.2851
0.3079
0.2692
0.2939
0.2571
0.3235
0.2970
0.3642
0.3132
0.2692
0.5157
0.3104
0.3005
0.2805
0.2988
0.3053
0.3211
0.2767
0.3106
0.2697
0.2906
0.2944
0.3145
0.2873
0.3470
0.2958
0.2822
0.3066
0.2753
0.2938
0.2856
0.3245
0.2897
0.2983
0.2948
0.2678
0.3277
0.2941
0.2816
0.2729
0.2879
0.2765
0.2772
0.2930
0.5817
0.2992
