0.2862
0.3543
0.2545
0.2603
0.2780
0.2622
0.2645
0.2668
0.2583
0.2617
0.2588
0.2803
0.2571
0.2975
0.2571
0.3107
0.3340
0.2946
0.2508
0.2568
0.2864
0.2792
0.2757
0.2971
0.2780
0.2822
0.2677
0.2638
0.2541
0.2709
0.2622
0.3807
0.2785
0.2753
0.2522
0.3013
0.2508
0.3232
0.2655
0.2615
0.2594
0.2632
0.2688
0.2796
0.2602
0.2793
0.5332
0.2549
0.2768
0.2832
0.2495
0.2604
0.2561
0.2695
0.2650
0.2597
0.2691
0.2526
0.2823
0.2805
0.2867
0.2815
0.2554
0.2923
0.3110
0.2736
0.2662
0.2851
0.2744
0.2439
0.2960
0.3116
0.2685
0.3048
0.2839
0.3436
0.3070
0.2926
0.2667
0.2717
0.2534
0.2547
0.2652
0.2641
0.2493
0.2566
0.2712
0.2478
0.2644
0.2652
0.2717
0.2904
0.2521
0.2713
0.2656
0.2574
0.4693
0.2626
0.2678
0.2683
