0.2489
0.2365
0.2524
0.2599
0.2464
0.2572
0.2369
0.2744
0.2748
0.2568
0.3136
0.2968
0.2567
0.2400
0.2640
0.2342
0.2401
0.2550
0.2580
0.3350
0.2532
0.3139
0.2707
0.2539
0.2911
0.2792
0.2508
0.2735
0.2457
0.2597
0.2475
0.2783
0.2555
0.2451
0.2959
0.2304
0.2678
0.2698
0.2566
0.2708
0.2527
0.2398
0.2639
0.2572
0.2567
0.2558
0.4682
0.2403
0.2613
0.2359
0.2522
0.2455
0.2767
0.2364
0.2366
0.2401
0.2818
0.2728
0.2422
0.2683
0.2755
0.2414
0.2520
0.2507
0.2661
0.2670
0.2411
0.2530
0.2391
0.2489
0.2317
0.2501
0.2569
0.2460
0.2720
0.2548
0.2866
0.2558
0.2441
0.2423
0.2364
0.2597
0.2487
0.2592
0.2803
0.2436
0.2417
0.3032
0.2537
0.2799
0.2490
0.2474
0.2382
0.2516
0.2487
0.2482
0.5410
0.2766
0.2764
0.2547
