0.2542
0.2634
0.2569
0.2635
0.2428
0.2424
0.2571
0.2378
0.2749
0.2489
0.2804
0.2394
0.2974
0.2342
0.2529
0.2558
0.2438
0.2539
0.2463
0.2562
0.2442
0.2430
0.2433
0.2437
0.2490
0.2402
0.2415
0.2484
0.2606
0.2892
0.2591
0.2256
0.2720
0.2369
0.3417
0.2497
0.2618
0.2315
0.2670
0.2496
0.2328
0.2404
0.2480
0.3167
0.2405
0.2368
0.4508
0.2440
0.2729
0.2593
0.2377
0.2321
0.2484
0.2681
0.2317
0.2468
0.2250
0.2461
0.2518
0.2537
0.2524
0.2539
0.2535
0.2608
0.2568
0.2680
0.2255
0.2409
0.2576
0.2467
0.2640
0.2342
0.2443
0.2519
0.2472
0.2396
0.2625
0.2890
0.2263
0.2853
0.3014
0.2413
0.2762
0.2817
0.2476
0.3143
0.2362
0.2320
0.2806
0.2357
0.2720
0.2549
0.2493
0.2535
0.2299
0.2358
0.4251
0.2640
0.2328
0.2384
