25.5091
1.3799
0.5914
0.5652
0.5440
0.6975
2.3410
0.5504
0.5196
2.5139
0.9108
0.5304
0.7556
0.5606
0.5965
0.5397
0.5403
0.5413
0.5973
0.5355
0.5372
0.5724
0.5711
0.7299
0.5554
0.5461
0.7022
0.5877
0.6974
0.5160
2.3497
0.7099
0.6764
0.7717
0.7043
1.2910
0.7427
0.7497
0.7316
0.7496
0.7122
0.7247
0.6846
0.7231
0.7097
0.7717
0.7120
0.7229
0.9143
0.7695
0.7140
0.7146
0.7391
0.7759
0.8166
0.8086
0.7156
0.7899
0.7788
2.7441
0.7391
0.9107
0.8304
0.7172
0.6908
0.7497
0.7138
0.7625
0.7631
0.6882
0.7307
0.8304
0.7684
0.9771
0.7287
0.7003
0.7158
0.7533
0.7285
0.7339
0.8030
0.7222
1.0526
0.7399
0.7693
0.6891
0.7296
0.6915
0.7737
0.8078
0.6956
0.7738
0.7183
1.0188
0.9259
2.1215
1.7188
1.5883
2.2224
3.7968
