0.2892
0.2585
0.2556
0.2479
0.2641
0.3455
0.2483
0.2613
0.2592
0.2623
0.2732
0.3069
0.2478
0.3269
0.3101
0.2927
0.2516
0.2896
0.2775
0.2814
0.2921
0.2563
0.2412
0.2925
0.2386
0.2475
0.2348
0.2770
0.2609
0.2503
0.2521
0.2633
0.2497
0.2654
0.2576
0.2388
0.2345
0.2476
0.2513
0.2397
0.2598
0.2422
0.2495
0.2756
0.2341
0.2433
0.4298
0.2402
0.2432
0.2371
0.2510
0.2557
0.2700
0.2384
0.3194
0.2445
0.2428
0.2371
0.2316
0.2661
0.2569
0.2656
0.2389
0.2386
0.2453
0.2514
0.2383
0.2366
0.2500
0.2630
0.2647
0.2603
0.2722
0.2396
0.2795
0.2828
0.2523
0.2597
0.2527
0.2461
0.2505
0.2558
0.2681
0.2566
0.2314
0.2492
0.2479
0.2787
0.2537
0.2767
0.2521
0.2364
0.2647
0.2374
0.2379
0.2557
0.4473
0.2501
0.2399
0.2439
