0.2603
0.2535
0.2615
0.2590
0.2381
0.2706
0.2690
0.2786
0.2740
0.2731
0.2758
0.2343
0.2769
0.2405
0.2801
0.2792
0.2695
0.2453
0.2751
0.2890
0.2777
0.2842
0.2940
0.2738
0.3199
0.2594
0.3082
0.2555
0.2802
0.3267
0.2372
0.3898
0.2456
0.2695
0.2510
0.2665
0.2596
0.2626
0.2474
0.2409
0.2466
0.2979
0.2792
0.2392
0.2789
0.2645
0.4597
0.2625
0.2930
0.2465
0.2781
0.2746
0.2754
0.2730
0.3601
0.2787
0.2592
0.2745
0.2782
0.2456
0.2508
0.2545
0.2666
0.2705
0.2428
0.2524
0.2294
0.2420
0.2573
0.2933
0.4815
0.2695
0.8398
0.2553
0.2635
0.2551
0.2752
0.3403
0.3049
0.2760
0.2517
0.2677
0.2358
0.2595
0.2636
0.2735
0.2435
0.2875
0.2404
0.2733
0.2335
0.2592
0.2543
0.2594
0.2473
0.2939
0.4654
0.3038
0.2494
0.2416
