0.4613
0.2401
0.2468
0.2413
0.2702
0.2626
0.2752
0.2328
0.3107
0.2597
0.2361
0.2779
0.2296
0.2611
0.2356
0.2467
0.2355
0.2471
0.2373
0.2619
0.2987
1.6364
0.3022
0.2539
0.2407
0.2542
0.2329
0.2345
0.2333
0.2469
0.2552
0.2432
0.2534
0.2637
0.2320
0.2484
0.2626
0.2790
0.2448
0.2497
0.2411
0.2239
0.2836
0.2375
0.2566
0.2505
0.4414
0.2578
0.2362
0.2456
0.2474
0.2661
0.2476
0.2698
0.2494
0.2727
0.2523
0.2496
0.2510
0.2576
0.2669
0.2394
0.2558
0.2450
0.3027
0.2689
0.2714
0.3076
0.2556
0.2981
0.2553
0.2474
0.3086
0.2804
0.2626
0.2742
0.2518
0.2463
0.2592
0.2596
0.2569
0.2480
0.2773
0.2563
0.2885
0.2405
0.2355
0.2928
0.2547
0.2924
0.2424
0.2782
0.2701
0.2497
0.2259
0.2701
0.4616
0.2543
0.2613
0.2359
