0.2641
0.2344
0.2398
0.2486
0.2630
0.2288
0.2444
0.2980
0.2533
0.2625
0.2292
0.2482
0.2412
0.2368
0.2633
0.2657
0.2567
0.2527
0.2450
0.2249
0.2989
0.2615
0.2273
0.3205
0.2521
0.2380
0.2418
0.2714
0.2608
0.2770
0.2302
0.2836
0.2694
0.2465
0.2664
0.2497
0.2417
0.2435
0.2408
0.3255
0.2588
0.2636
0.2352
0.2700
0.2790
0.2393
0.4508
0.2408
0.2509
0.2767
0.2286
0.2473
0.2436
0.2438
0.3949
0.2414
0.2360
0.2503
0.2258
0.2837
0.2446
0.2763
0.2511
0.2524
0.2722
0.2611
0.2341
0.2745
0.2396
0.2766
0.3495
0.2535
0.2378
0.2522
0.2271
0.2728
0.3018
0.2805
0.2467
0.2731
0.2305
0.2442
0.2361
0.2515
0.2508
0.2490
0.3099
0.2863
0.2521
0.2541
0.2598
0.2284
0.2268
0.2450
0.2436
0.2764
0.4297
0.2350
0.2674
0.2468
