0.2764
0.2652
0.2448
0.2437
0.2253
0.3313
0.2459
0.2724
0.2358
0.2732
0.2262
0.2427
0.2785
0.2368
0.2630
0.2626
0.2396
0.2556
0.2500
0.2500
0.2422
0.3228
0.2456
0.2496
0.2463
0.2364
0.2352
0.2699
0.2430
0.2909
0.2345
0.2501
0.2251
0.2308
0.2535
0.8630
0.2665
0.2573
0.2420
0.2577
0.2399
0.2381
0.2361
0.2476
0.2409
0.2571
0.4444
0.2823
0.2764
0.2503
0.2333
0.3001
0.2322
0.2231
0.2633
0.2677
0.2596
0.2353
0.2391
0.2778
0.2867
0.2342
0.2715
0.2631
0.2644
0.2280
0.2846
0.2869
0.2682
0.2764
0.2822
0.2314
0.2699
0.3119
0.2657
0.2731
0.2605
0.2647
0.2521
0.2479
0.2450
0.2529
0.2299
0.2477
0.2465
0.2578
0.2575
0.2677
0.2389
0.2636
0.2435
0.2707
0.2463
0.2515
0.2481
0.2566
0.4482
0.2504
0.3493
0.2627
